00010111
00000000
00000000
00000000
00000111
00000101
00010101
00001100
00000000
00011000
00011100
00011110
00000000
00110000
00000000
00000100
01000000
00001000
00000000
00000000
00011111
00000000
00000000
00110110
01000001
00000000
00000000
00000000
00000001
00000000
00000000
00000000
00100011
00000000
00111010
00000000
00000101
00000000
00010011
00011011
00000000
00000000
00000000
00000000
00000000
00000001
00111010
00000011
00000000
00101011
00001001
00101000
00010011
00000000
00010000
00000000
00000000
00101011
00001101
00100100
00000000
00000101
00010001
00000000
00000000
00000000
00101100
00000000
00000000
00000000
00000000
00000000
00001001
00101011
00000000
00010101
00011111
00000111
00110001
00000101
00011000
00000000
00001111
00101011
