00010111
01010011
00101001
00010111
00010011
00000000
00000000
00000000
00000000
00000010
00011010
00000000
00000000
00000000
00000000
00001001
00001010
00100011
00000101
00100010
00101000
00000000
00000000
00011101
00000000
00011111
00100010
00000000
00001011
00010101
00000000
00000000
00011101
00000000
00001110
00000000
00100001
00111100
00010010
00001001
00000000
00000011
00010100
00000000
00011001
00000000
00000000
00000000
00011100
00000000
00100000
00000000
00000110
00000000
00000000
00011100
00001001
00000000
00001101
00001111
00010111
00000010
00000000
00000000
00000000
00011101
00010010
00000110
00111000
00000000
00111010
00000000
00101110
00010001
00000000
01000010
00010000
00010110
00000000
00000100
00101101
00110111
00001101
00000001
00000000
00001111
00000000
00000001
00000000
00000000
00000000
00000001
00000000
00000000
00000000
00000010
00100011
00000111
00000000
00000000
00000000
00000000
00000000
00000000
00000000
00000000
00110000
00000000
00000000
00000000
00011011
00000000
00000000
00000000
00001010
00000000
00011001
00000001
00001010
00000000
