00000001
00000011
00001000
00001010
00010111
00000000
00000101
00000000
00000111
00011000
00010000
00000011
00000000
00000000
00000000
00011000
00001010
00000010
00000011
00010101
00100011
00000000
00001000
00000000
00001100
00100100
00001011
00000000
00000000
00000000
00000000
00011111
00000110
00000101
00000000
00010111
00010111
00000000
00000000
00000000
00001111
00100101
00001010
00000000
00000000
00000000
00000000
00011111
00001000
00001011
00000000
00010111
00001101
00000000
00000000
00000000
00010010
00100100
00001001
00000000
00000000
00000011
00000000
00011100
00000110
00001000
00000000
00010101
00000001
00000000
00000000
00000000
00001011
00010000
00000011
00000000
00000000
00001001
00000000
00001011
00000000
00001011
00010010
00000000
00011001
00111000
00010101
00001110
00000000
00000000
00010000
00011101
00010101
00001101
00000000
00000000
00000111
00001101
00000100
00000000
00111101
01010000
00101010
00011101
00000100
00001000
00010100
00100111
00100110
00010111
00001100
00000000
00001001
00001100
00000000
00000000
01001001
01001111
00101110
00011000
00000101
00001011
00100000
00101111
00100110
00001110
00010000
00000000
00010011
00001010
00000000
00000000
01000101
00111001
00101000
00011010
00001011
00010010
00101001
00100010
00100010
00001111
00010101
00000000
00010110
00000100
00000000
00000000
00101100
00011110
00011000
00001111
00010011
00001111
00000110
00010000
00001100
00001101
00011000
00000000
00000011
00000001
00100001
00000000
00000000
00011000
00000000
00000101
00001110
00000000
00001001
00000000
00000000
00001111
00000100
00000000
00000110
00000000
00101011
00000000
00000010
00110011
00000000
00011101
00010000
00000000
00001111
00000000
00000000
00010010
00010111
00000010
00000100
00000111
00101010
00000000
00001000
00101110
00000001
00011110
00000101
00000000
00100111
00000000
00000110
00001011
00100001
00001010
00010001
00001110
00011010
00000100
00001001
00011101
00001001
00100011
00000000
00001000
00101010
00000000
00000110
00100011
00101101
00001010
00010001
00000000
00001001
00000101
00000001
00011010
00000010
00100000
00000000
00000111
00000100
00000010
00000100
00000000
00100011
00000000
00000000
00000000
00000000
00000000
00000000
00000000
00000000
00000000
00000000
00000000
00000000
00000000
00000000
00000000
00000000
00000000
00000000
00000000
00000101
00000010
00000000
00000000
00000001
00000000
00000011
00000110
00001000
00000001
00000000
00000000
00000000
00001001
00000110
00001011
00001001
00000001
00000010
00000100
00000000
00000110
00000111
00000101
00011011
00000000
00000000
00100100
00000000
00000011
00010010
00001011
00000000
00001001
00000000
00010011
00001000
00010110
00000101
00001111
00001011
00000011
00000000
00101000
00010000
00000100
00010101
00000000
00000000
00000000
00000010
00010001
00000011
00001010
00000011
00000011
00000111
00000010
00000000
00000000
00011001
00000000
00000000
00000000
00000100
00000100
00000000
00000000
00000000
00000000
00000000
00001000
00000001
00000100
00000000
00000000
00000001
00001101
00000000
00001110
00001110
00000011
00001010
00000000
00000010
00000001
00000111
00010100
00100101
00000000
00000000
00000001
00000000
00010011
00001101
00001110
00000000
00001111
00000101
00000000
00000000
00000110
00001100
00010111
00011010
00000000
00000000
00101010
00001000
00000111
00010000
00000000
00000000
00000100
00000000
00010010
00000000
00001111
00000101
00000111
00001000
00000000
00000001
00010010
00010011
00000000
00000000
00000001
00000001
00000000
00000000
00000010
00000010
00000101
00000000
00000011
00000001
00000001
00000000
00000000
00001111
00000001
